1.069000E-02  9.29037E+00
1.142761E-02  9.28534E+00
1.221612E-02  9.27958E+00
1.305903E-02  9.27298E+00
1.396010E-02  9.26544E+00
1.492335E-02  9.25679E+00
1.595306E-02  9.24690E+00
1.705382E-02  9.23556E+00
1.823053E-02  9.22256E+00
1.948844E-02  9.20767E+00
2.083314E-02  9.19057E+00
2.227063E-02  9.17096E+00
2.380730E-02  9.14843E+00
2.545001E-02  9.12254E+00
2.720606E-02  9.09275E+00
2.908327E-02  9.05845E+00
3.109002E-02  9.01890E+00
3.323523E-02  8.97325E+00
3.552846E-02  8.92046E+00
3.797993E-02  8.85929E+00
4.060054E-02  8.78826E+00
4.340198E-02  8.70556E+00
4.639671E-02  8.60896E+00
4.959809E-02  8.49567E+00
5.302035E-02  8.36216E+00
5.667876E-02  8.20386E+00
6.058959E-02  8.01472E+00
6.477028E-02  7.78638E+00
6.923942E-02  7.50680E+00
7.401695E-02  7.15722E+00
7.912411E-02  6.70431E+00
8.458368E-02  6.06764E+00
8.712200E-02  5.64666E+00
8.845550E-02  5.27889E+00
8.881110E-02  5.01683E+00
8.934450E-02  5.11898E+00
9.041995E-02  5.09657E+00
9.067800E-02  5.07502E+00
9.665893E-02  4.30507E+00
1.033284E-01  3.35762E+00
1.104581E-01  2.47607E+00
1.180797E-01  1.80997E+00
1.262272E-01  1.49791E+00
1.349368E-01  1.63144E+00
1.442475E-01  2.23705E+00
1.542005E-01  3.27653E+00
1.648404E-01  4.66077E+00
1.762144E-01  6.26791E+00
1.883732E-01  7.95392E+00
2.013709E-01  9.52269E+00
2.095240E-01  1.01694E+01
2.127310E-01  1.00543E+01
2.135862E-01  9.60025E+00
2.148690E-01  1.02597E+01
2.152655E-01  1.04030E+01
2.182460E-01  1.10418E+01
2.215865E-01  1.14044E+01
2.224773E-01  1.13064E+01
2.238135E-01  1.17277E+01
2.271540E-01  1.23826E+01
2.301188E-01  1.28377E+01
2.459970E-01  1.48064E+01
2.629708E-01  1.64724E+01
2.811158E-01  1.77817E+01
2.825634E-01  1.78453E+01
2.868883E-01  1.78572E+01
2.880417E-01  1.75673E+01
2.897716E-01  1.80720E+01
2.940966E-01  1.87115E+01
3.005128E-01  1.93348E+01
3.212482E-01  2.08660E+01
3.434143E-01  2.21571E+01
3.671099E-01  2.32881E+01
3.924405E-01  2.42803E+01
4.195189E-01  2.51426E+01
4.484657E-01  2.58850E+01
4.794098E-01  2.65175E+01
5.124891E-01  2.70500E+01
5.478508E-01  2.74917E+01
5.856525E-01  2.78510E+01
6.260625E-01  2.81356E+01
6.692609E-01  2.83463E+01
7.154399E-01  2.85005E+01
7.648052E-01  2.85971E+01
8.175768E-01  2.86402E+01
8.739896E-01  2.86334E+01
9.0000000E-01  2.88820E+01
9.0450000E-01  2.88793E+01
9.0902250E-01  2.88765E+01
9.1356761E-01  2.88735E+01
9.1813545E-01  2.88703E+01
9.2272613E-01  2.88669E+01
9.2733976E-01  2.88633E+01
9.3197646E-01  2.88596E+01
9.3663634E-01  2.88558E+01
9.4131952E-01  2.88519E+01
9.4602612E-01  2.88479E+01
9.5075625E-01  2.88438E+01
9.5551003E-01  2.88397E+01
9.6028758E-01  2.88357E+01
9.6508902E-01  2.88318E+01
9.6991446E-01  2.88280E+01
9.7476404E-01  2.88245E+01
9.7963786E-01  2.88214E+01
9.8453605E-01  2.88188E+01
9.8945873E-01  2.88169E+01
9.9440602E-01  2.88161E+01
9.9937805E-01  2.88167E+01
1.0043749E+00  2.88063E+01
1.0093968E+00  2.87937E+01
1.0144438E+00  2.87805E+01
1.0195160E+00  2.87668E+01
1.0246136E+00  2.87525E+01
1.0297367E+00  2.87376E+01
1.0348853E+00  2.87222E+01
1.0400598E+00  2.87063E+01
1.0452601E+00  2.86898E+01
1.0504864E+00  2.86727E+01
1.0557388E+00  2.86551E+01
1.0610175E+00  2.86370E+01
1.0663226E+00  2.86183E+01
1.0716542E+00  2.85991E+01
1.0770125E+00  2.85793E+01
1.0823975E+00  2.85589E+01
1.0878095E+00  2.85381E+01
1.0932486E+00  2.85166E+01
1.0987148E+00  2.84946E+01
1.1042084E+00  2.84720E+01
1.1097294E+00  2.84488E+01
1.1152781E+00  2.84251E+01
1.1208545E+00  2.84007E+01
1.1264587E+00  2.83758E+01
1.1320910E+00  2.83503E+01
1.1377515E+00  2.83242E+01
1.1434402E+00  2.82974E+01
1.1491574E+00  2.82701E+01
1.1549032E+00  2.82420E+01
1.1606777E+00  2.82134E+01
1.1664811E+00  2.81840E+01
1.1723135E+00  2.81539E+01
1.1781751E+00  2.81231E+01
1.1840660E+00  2.80915E+01
1.1899863E+00  2.80592E+01
1.1959362E+00  2.80261E+01
1.2019159E+00  2.79923E+01
1.2079255E+00  2.79576E+01
1.2139651E+00  2.79222E+01
1.2200350E+00  2.78858E+01
1.2261351E+00  2.78487E+01
1.2322658E+00  2.78106E+01
1.2384271E+00  2.77716E+01
1.2446193E+00  2.77317E+01
1.2508424E+00  2.76908E+01
1.2570966E+00  2.76489E+01
1.2633821E+00  2.76060E+01
1.2696990E+00  2.75620E+01
1.2760475E+00  2.75170E+01
1.2824277E+00  2.74707E+01
1.2888399E+00  2.74234E+01
1.2952840E+00  2.73748E+01
1.3017605E+00  2.73249E+01
1.3082693E+00  2.72737E+01
1.3148106E+00  2.72211E+01
1.3213847E+00  2.71672E+01
1.3279916E+00  2.71117E+01
1.3346316E+00  2.70547E+01
1.3413047E+00  2.69961E+01
1.3480112E+00  2.69358E+01
1.3547513E+00  2.68737E+01
1.3615250E+00  2.68098E+01
1.3683327E+00  2.67439E+01
1.3751743E+00  2.66760E+01
1.3820502E+00  2.66060E+01
1.3889605E+00  2.65337E+01
1.3959053E+00  2.64591E+01
1.4028848E+00  2.63819E+01
1.4098992E+00  2.63021E+01
1.4169487E+00  2.62195E+01
1.4240335E+00  2.61339E+01
1.4311536E+00  2.60451E+01
1.4383094E+00  2.59530E+01
1.4455009E+00  2.58573E+01
1.4527284E+00  2.57577E+01
1.4599921E+00  2.56540E+01
1.4672920E+00  2.55459E+01
1.4746285E+00  2.54330E+01
1.4820016E+00  2.53150E+01
1.4894117E+00  2.51914E+01
1.4968587E+00  2.50618E+01
1.5043430E+00  2.49256E+01
1.5118647E+00  2.47821E+01
1.5194240E+00  2.46308E+01
1.5270212E+00  2.44707E+01
1.5346563E+00  2.43009E+01
1.5423295E+00  2.41203E+01
1.5500412E+00  2.39276E+01
1.5577914E+00  2.37211E+01
1.5655804E+00  2.34991E+01
1.5734083E+00  2.32591E+01
1.5812753E+00  2.29983E+01
1.5891817E+00  2.27131E+01
1.5971276E+00  2.23986E+01
1.6051132E+00  2.20489E+01
1.6131388E+00  2.16552E+01
1.6212045E+00  2.12058E+01
1.6293105E+00  2.06827E+01
1.6374571E+00  2.00577E+01
1.6456443E+00  1.92819E+01
1.6538726E+00  1.82574E+01
1.6621419E+00  1.67363E+01
1.6704526E+00  1.36146E+01
1.6747007E+00  4.64497E+00
1.6750994E+00  4.49118E+00
1.6788049E+00  1.30021E+01
1.6871989E+00  1.61340E+01
1.6956349E+00  1.73862E+01
1.7041131E+00  1.80060E+01
1.7126337E+00  1.81618E+01
1.7211968E+00  1.75651E+01
1.7269841E+00  1.32390E+01
1.7274159E+00  1.31930E+01
1.7298028E+00  1.68801E+01
1.7384518E+00  1.94458E+01
1.7471441E+00  2.06785E+01
1.7558798E+00  2.15639E+01
1.7646592E+00  2.22720E+01
1.7734825E+00  2.28675E+01
1.7823499E+00  2.33827E+01
1.7912617E+00  2.38363E+01
1.8002180E+00  2.42405E+01
1.8092191E+00  2.46033E+01
1.8182652E+00  2.49304E+01
1.8273565E+00  2.52257E+01
1.8364933E+00  2.54918E+01
1.8456757E+00  2.57302E+01
1.8549041E+00  2.59413E+01
1.8641786E+00  2.61241E+01
1.8734995E+00  2.62757E+01
1.8828670E+00  2.63900E+01
1.8922814E+00  2.64538E+01
1.9017428E+00  2.64363E+01
1.9112515E+00  2.62375E+01
1.9194747E+00  2.52812E+01
1.9208077E+00  2.40373E+01
1.9225253E+00  2.53179E+01
1.9304118E+00  2.66053E+01
1.9400638E+00  2.72335E+01
1.9497642E+00  2.76713E+01
1.9595130E+00  2.80275E+01
1.9693105E+00  2.83362E+01
1.9791571E+00  2.86126E+01
1.9890529E+00  2.88651E+01
1.9989981E+00  2.90986E+01